#Cluster Nstruc Einter sd Enb sd Evdw+0.1Eelec sd Evdw sd Eelec sd Eair sd Ecdih sd Ecoup sd Esani sd Evean sd Edani sd
file.nam_clust1    40  -516.36    81.89  -186.12    53.50   -44.48     9.08   -28.74     6.86  -157.38    52.29    49.78     2.10     0.00     0.00     0.00     0.00     0.00     0.00     0.00     0.00    0.000    0.000 
file.nam_clust2    34  -509.34    84.92  -176.16    35.62   -44.64     8.44   -30.02     7.05  -146.14    33.40    48.54     1.56     0.00     0.00     0.00     0.00     0.00     0.00     0.00     0.00    0.000    0.000 
file.nam_clust3    16  -422.83    92.15  -174.04    46.89   -29.41     6.34   -13.34     4.78  -160.70    47.17    51.08     2.67     0.00     0.00     0.00     0.00     0.00     0.00     0.00     0.00    0.000    0.000 
file.nam_clust4    10  -535.48    71.68  -206.28    44.12   -40.11     6.71   -21.64     5.27  -184.63    44.05    50.33     2.12     0.00     0.00     0.00     0.00     0.00     0.00     0.00     0.00    0.000    0.000 
file.nam_clust5    10  -685.61   113.00  -229.63    39.73   -55.78     5.25   -36.46     6.49  -193.17    43.23    48.45     1.55     0.00     0.00     0.00     0.00     0.00     0.00     0.00     0.00    0.000    0.000 
file.nam_clust6     9  -292.85    72.33  -105.73    25.57   -34.78     5.43   -26.90     4.83   -78.82    25.13    48.22     1.23     0.00     0.00     0.00     0.00     0.00     0.00     0.00     0.00    0.000    0.000 
file.nam_clust7     8  -520.25    66.70  -158.07    38.11   -47.80     5.65   -35.55     4.55  -122.52    38.29    48.82     1.67     0.00     0.00     0.00     0.00     0.00     0.00     0.00     0.00    0.000    0.000 
file.nam_clust8     6  -427.65    54.92  -146.07    48.81   -34.26     4.31   -21.84     7.66  -124.23    55.02    49.04     1.03     0.00     0.00     0.00     0.00     0.00     0.00     0.00     0.00    0.000    0.000 
file.nam_clust9     5  -543.28   119.73  -160.19    75.02   -37.33    10.24   -23.67     4.88  -136.51    72.98    49.19     1.09     0.00     0.00     0.00     0.00     0.00     0.00     0.00     0.00    0.000    0.000 
file.nam_clust10     4  -373.17    62.71  -144.48    34.50   -32.62     9.27   -20.20     6.94  -124.29    29.16    49.97     2.88     0.00     0.00     0.00     0.00     0.00     0.00     0.00     0.00    0.000    0.000 
