1 -95.594502 5.204 15.178 0.091 -22.8459 -113.11 47.4604 -14.8915 15.178 6
2 -155.50073 2.154 11.965 0.182 -24.9515 -192.062 50.9612 -7.78987 11.965 0
3 -99.75904 2.521 19.518 0.030 -29.8679 -45.1665 47.4362 -19.075 19.518 0
4 -135.67996 4.319 18.405 0.030 -23.6575 -179.082 51.1026 -8.32506 18.405 1
5 -159.15061 3.199 19.061 0.061 -35.5354 -183.237 49.3108 -10.4958 19.061 1
6 -124.9463 2.337 19.898 0.091 -10.3873 -205.205 49.9704 -6.924 19.898 3
7 -106.814958 3.280 12.327 0.061 -25.7623 -34.8609 49.1555 -15.4334 12.327 6
8 -85.820411 3.932 11.295 0.061 -22.5092 -44.8832 50.1247 -19.1949 11.295 6
9 -118.6140722 3.042 18.442 0.121 -16.1248 -128.557 58.4759 -6.88058 18.442 3
10 -139.67622 1.411 17.552 0.152 -31.2269 -134.605 48.9156 -15.8748 17.552 2
11 -171.59863 2.039 17.869 0.030 -46.4552 -53.7508 46.6764 -13.5403 17.869 0
12 -164.181631 2.931 19.244 0.030 -24.8306 -202.912 49.401 -8.26851 19.244 1
13 -88.24589919 4.160 18.487 0.091 -9.85977 -149.24 54.6838 -2.615919E-02 18.487 3
14 -153.107189 2.771 19.356 0.030 -45.5308 -134.743 47.4325 -12.2946 19.356 1
15 -149.44641 2.986 19.706 0.030 -40.5537 -156.221 50.2071 -13.5619 19.706 1
16 -144.300041 1.636 16.795 0.121 -33.6991 -110.147 48.5013 -19.2214 16.795 2
17 -135.281582 4.533 13.574 0.091 -27.2033 -100.442 47.6997 -23.6799 13.574 6
18 -149.77476 2.531 18.964 0.030 -41.0157 -132.629 47.1065 -15.5293 18.964 1
19 -166.76163 3.133 19.202 0.030 -28.4923 -252.92 51.4749 -6.56355 19.202 1
20 -135.11277 3.060 18.750 0.030 -24.2818 -55.5802 53.5483 -14.9624 18.750 1
21 -121.804746 1.100 15.579 0.030 -12.644 -109.692 50.6065 -7.49902 15.579 0
22 -149.74708 2.892 18.551 0.091 -18.3436 -161.701 49.0298 -11.6054 18.551 0
23 -142.88799488 3.578 19.053 0.030 -14.5123 -211.434 51.2401 -9.29418 19.053 4
24 -136.3883 1.367 17.933 0.121 -34.701 -90.3282 46.1927 -17.8148 17.933 2
25 -134.808163 1.528 18.587 0.121 -23.536 -150.775 50.5107 -8.93271 18.587 2
26 -88.14890034 3.225 11.289 0.061 -28.029 -70.8547 49.2921 -21.5253 11.289 6
27 -163.53307 1.449 16.394 0.121 -28.7586 -110.043 47.707 -14.5131 16.394 2
28 -159.28706 2.909 19.244 0.030 -45.8588 -186.404 48.1494 -7.01967 19.244 1
29 -116.48526 2.032 7.136 0.182 -21.9097 -128.941 47.3429 -6.4379 7.136 0
30 -132.067417 1.304 18.010 0.091 -19.2655 -161.053 49.4255 -11.7138 18.010 2
31 -161.133064 1.829 18.253 0.091 -40.55 -193.272 51.9944 -13.974 18.253 0
32 -128.26863 1.933 17.037 0.061 -20.0144 -190.287 48.7667 -9.9314 17.037 9
33 -160.5502 3.124 18.264 0.061 -32.0864 -156.474 49.4368 -9.86762 18.264 0
34 -150.80402 4.133 19.272 0.030 -28.2006 -173.72 49.8349 -14.735 19.272 1
35 -96.83332 5.683 14.948 0.061 -26.9142 -89.0236 46.2943 -16.8149 14.948 6
36 -131.21527 4.420 17.967 0.061 -31.0738 -161.871 49.6953 -14.9953 17.967 10
37 -158.55605 1.747 16.856 0.152 -48.9879 -174.874 46.739 -17.4591 16.856 2
38 -83.118705 3.756 12.053 0.121 -21.0821 -82.0587 48.0759 -15.867 12.053 6
39 -110.746938 2.914 20.336 0.030 -14.4424 -151.529 81.1949 1.82961 20.336 0
40 -158.536129 3.077 19.639 0.061 -38.8616 -179.772 51.7637 -11.619 19.639 1
41 -148.03021 2.006 20.313 0.030 -31.4395 -159.241 49.7551 -13.0249 20.313 1
42 -140.94111 3.792 18.567 0.030 -22.3408 -148.557 52.1009 -12.7913 18.567 4
43 -102.16653 3.884 18.519 0.061 -14.5872 -119.571 76.3849 -2.58627 18.519 0
44 -159.72255 3.572 18.408 0.030 -37.044 -97.9732 48.9658 -14.7764 18.408 1
45 -140.60683 2.488 18.521 0.061 -32.156 -142.545 49.339 -10.4495 18.521 9
46 -111.629434 1.529 18.216 0.152 -29.4896 -137.906 48.6525 -11.8828 18.216 2
47 -111.468519 2.231 10.095 0.152 -14.6598 -141.379 46.5657 -8.98159 10.095 0
48 -138.14015 3.601 13.290 0.091 -29.1628 -97.4538 47.4296 -18.7624 13.290 0
49 -143.14029 3.797 18.335 0.030 -22.2488 -183.863 50.579 -7.58547 18.335 1
50 -128.48848 2.619 18.023 0.152 -27.3725 -109.683 46.4743 -10.252 18.023 0
51 -188.56083 2.103 15.254 0.152 -38.4095 -171.316 49.6185 -19.0493 15.254 7
52 -117.94982 2.589 18.963 0.000 -25.4022 -86.0313 47.8186 -16.1229 18.963 0
53 -118.34951 1.419 18.256 0.121 -27.7086 -100.807 48.5468 -11.9954 18.256 2
54 -178.77478 2.509 16.296 0.121 -27.8032 -216.362 49.0971 -12.2243 16.296 2
55 -116.85655 2.922 18.539 0.030 -21.8353 -84.9171 50.7124 -17.9616 18.539 4
56 -155.54436 1.325 16.966 0.091 -40.6014 -78.1486 47.0745 -17.1292 16.966 7
57 -129.051898 3.825 12.514 0.091 -29.4041 -105.022 46.6627 -19.5205 12.514 6
58 -137.385614 1.584 17.436 0.152 -30.947 -170.034 47.5637 -17.6692 17.436 2
59 -135.516379 1.263 16.194 0.121 -24.9335 -112.78 47.859 -15.6655 16.194 2
60 -137.24654 3.274 19.032 0.030 -28.3916 -114.202 51.386 -15.8138 19.032 1
61 -127.02311 2.330 18.822 0.091 -29.9074 -140.938 47.6329 -6.59011 18.822 2
62 -188.78833 2.297 16.074 0.121 -39.8357 -180.024 48.2817 -21.328 16.074 2
63 -113.08533 2.469 20.091 0.121 -10.9345 -234.617 50.261 -1.93578 20.091 3
64 -144.5573 1.521 17.828 0.152 -35.5248 -142.514 47.7096 -17.9897 17.828 7
65 -152.886655 2.149 15.635 0.030 -24.14 -200.936 49.8315 -3.96935 15.635 9
66 -138.39439 4.085 18.254 0.091 -14.7525 -236.392 54.2023 -8.44927 18.254 4
67 -144.58411 4.260 18.917 0.030 -33.5382 -208.526 50.6966 -10.878 18.917 1
68 -164.11879 1.876 16.983 0.121 -30.7467 -136.242 51.0619 -13.6783 16.983 2
69 -105.53885 3.981 10.943 0.091 -27.4027 -68.3706 46.9524 -18.7607 10.943 0
70 -190.130208 2.135 16.361 0.121 -44.5345 -211.736 47.4352 -15.4593 16.361 2
71 -119.23544 2.543 19.262 0.091 -17.0219 -135.132 49.3348 -13.2665 19.262 0
72 -140.22548 3.508 18.808 0.030 -26.7487 -180.618 49.7373 -10.3825 18.808 1
73 -160.42885 1.320 16.721 0.121 -34.1498 -166.587 50.3445 -11.01 16.721 2
74 -125.61805 3.801 24.008 0.000 -23.6592 -132.474 47.7066 -18.2097 24.008 0
75 -114.72116 1.387 17.701 0.121 -21.0676 -141.646 51.3114 -13.7021 17.701 3
76 -104.39075 5.025 12.235 0.061 -38.3711 -69.1543 49.2158 -13.7662 12.235 6
77 -96.082671 1.763 19.753 0.000 -13.7511 -83.1943 53.588 -15.4551 19.753 10
78 -139.2877 1.715 17.957 0.152 -28.416 -154.592 47.4672 -6.19111 17.957 2
79 -109.81524 1.334 18.594 0.121 -20.6241 -125.363 49.2943 -9.07436 18.594 2
80 -85.371 1.379 18.522 0.091 -5.4705 -95.7247 52.8049 -16.2668 18.522 3
81 -167.91328 1.210 16.658 0.121 -35.4078 -159.331 47.8511 -19.548 16.658 2
82 -136.20004 2.198 21.149 0.030 -24.3624 -188.901 47.1841 -2.48423 21.149 1
83 -92.12009 1.628 17.943 0.091 -18.8465 -86.9824 49.8017 -7.24675 17.943 0
84 -132.0095 1.224 16.882 0.121 -28.63 -137.534 49.2214 -12.2561 16.882 2
85 -190.28093 3.087 16.254 0.152 -45.2592 -254.63 49.2359 -10.9177 16.254 0
86 -171.03289 1.148 14.937 0.152 -37.4319 -219.14 47.1337 -5.61788 14.937 2
87 -160.67817 1.356 16.984 0.121 -29.6663 -126.215 46.702 -16.2455 16.984 2
88 -99.37719 1.400 18.348 0.061 -6.92722 -131.626 50.4021 -12.4736 18.348 0
89 -122.82427 1.297 16.768 0.091 -22.6074 -132.509 48.4607 -11.4405 16.768 2
90 -128.91663 1.825 16.194 0.091 -15.3688 -161.884 48.3859 -3.91313 16.194 2
91 -132.58668 4.132 24.557 0.000 -19.1769 -133.309 51.0995 -14.1152 24.557 0
92 -146.662284 1.373 16.056 0.121 -33.8584 -59.6154 46.1461 -19.6835 16.056 2
93 -92.67287 1.760 18.276 0.000 -9.20854 -144.395 48.9163 -11.3336 18.276 0
94 -152.28377 1.467 15.821 0.152 -26.2009 -133.1 52.7229 -12.6114 15.821 7
95 -165.693346 1.219 16.925 0.091 -21.3725 -221.487 47.8246 -11.693 16.925 0
96 -148.3889 3.410 19.353 0.030 -24.4801 -207.665 49.4309 -8.15198 19.353 1
97 -149.58296 1.680 15.966 0.152 -38.3042 -141.689 48.7768 -9.65623 15.966 7
98 -143.52479 1.981 19.260 0.121 -39.7817 -117.007 47.7365 -9.60654 19.260 0
99 -146.39641 1.681 17.638 0.152 -30.9144 -140.014 48.8157 -13.3669 17.638 7
100 -121.79048 1.353 17.863 0.121 -18.865 -146.632 50.3948 -6.75814 17.863 2
101 -132.7811 1.819 17.442 0.121 -22.5701 -151.272 49.9733 -7.07813 17.442 2
102 -154.34777 2.000 17.738 0.061 -29.7615 -149.59 46.8637 -13.98 17.738 2
103 -155.125298 2.044 17.382 0.121 -39.4821 -129.314 47.4041 -17.3038 17.382 7
104 -132.18697 2.402 20.325 0.061 -22.4673 -155.106 53.1804 -8.31478 20.325 1
105 -100.96117 1.353 17.664 0.091 -8.00688 -122.749 51.7299 -6.17944 17.664 0
106 -127.60496 2.216 17.448 0.121 -23.0534 -162.254 51.2026 -14.0222 17.448 2
107 -99.47736 3.972 18.719 0.030 -14.5881 -138.183 45.6128 -6.91833 18.719 10
108 -118.17424 1.498 16.537 0.000 -21.1963 -76.2847 47.2462 -15.1698 16.537 0
109 -139.46129 1.746 16.895 0.152 -34.9441 -44.0981 48.4321 -23.4982 16.895 7
110 -162.38835 3.675 18.280 0.091 -24.9515 -192.062 50.9612 -7.78987 18.280 4
111 -130.572442 3.723 18.263 0.030 -27.801 -178.198 49.931 -11.7496 18.263 4
112 -113.11964 2.115 16.480 0.000 -26.747 -70.1991 46.4932 -20.2488 16.480 0
113 -133.25936 1.616 18.348 0.121 -33.5998 -113.676 53.1641 -14.74 18.348 2
114 -144.846735964 2.767 18.744 0.030 -29.6025 -196.52 48.2643 -14.0549 18.744 1
115 -174.92546 1.665 16.110 0.121 -37.8533 -169.078 46.7784 -15.9412 16.110 2
116 -121.67817 3.718 18.449 0.030 -14.6165 -182.168 47.2566 -3.98804 18.449 4
117 -140.65004 2.005 19.755 0.061 -28.713 -62.2011 52.0184 -10.469 19.755 1
118 -156.47089 1.523 18.976 0.121 -32.5484 -147.179 47.7514 -12.7089 18.976 2
119 -128.89374 8.098 25.886 0.030 -29.9563 -60.7864 51.6704 -20.5533 25.886 0
120 -146.43973 3.337 19.033 0.030 -28.51 -211.768 46.2995 -3.8147 19.033 1
121 -161.7971 1.845 20.552 0.030 -20.9828 -182.145 49.7344 -10.9019 20.552 1
122 -147.85969 1.781 20.805 0.030 -23.7436 -128.327 50.8941 -12.0765 20.805 1
123 -64.313734 8.664 22.604 0.000 -21.5098 -5.25073 51.8467 -19.2651 22.604 0
124 -99.97022 3.310 19.081 0.091 -10.1794 -187.348 49.764 -4.42103 19.081 3
125 -162.83649 3.016 19.203 0.030 -32.0787 -229.941 49.5613 -12.6269 19.203 1
126 -135.72232 2.754 18.607 0.030 -24.8088 -167.509 47.5275 -1.71115 18.607 4
127 -124.489258 3.684 20.022 0.030 -25.1045 -94.4638 46.9678 -2.43161 20.022 0
128 -117.009416 2.839 21.465 0.030 -21.9913 -147.976 46.664 -0.704016 21.465 0
129 -111.15245 3.314 18.090 0.030 -21.3665 -113.91 50.962 -18.4225 18.090 10
130 -152.66023 2.087 19.745 0.061 -24.7037 -208.658 46.9101 -6.9289 19.745 1
131 -145.10699 2.329 19.780 0.030 -26.8987 -180.403 51.4404 -14.9335 19.780 1
132 -98.770216 1.768 19.869 0.061 -13.7838 -103.32 49.4686 -17.2578 19.869 3
133 -178.03571 0.448 2.891 0.576 -26.3508 -238.842 51.0213 -5.12091 2.891 5
134 -106.286164 3.396 16.823 0.030 -17.8898 2.52738 50.6217 -13.3128 16.823 9
135 -123.358008 1.913 21.064 0.030 -25.1607 -168.667 46.9841 -5.5716 21.064 1
136 -135.05983 1.331 17.380 0.121 -30.3202 -147.674 49.056 -13.6922 17.380 2
137 -113.3024 2.409 20.245 0.152 -18.477 -198.76 46.4736 3.98185 20.245 3
138 -75.085281 1.951 20.022 0.091 -5.90733 -142.819 49.6295 -0.913421 20.022 3
139 -140.48017 2.426 19.495 0.061 -28.7264 -201.133 46.0797 -5.66386 19.495 1
140 -109.16679 1.559 18.531 0.000 -19.6716 -64.5462 47.6819 -11.4413 18.531 0
141 -142.05558 0.978 3.387 0.545 -25.1124 -134.456 47.7469 -2.97062 3.387 0
142 -156.40557 3.788 19.635 0.091 -30.0076 -249.848 47.7897 -2.23318 19.635 4
143 -188.17671 1.053 4.330 0.697 -45.353 -211.123 49.3466 -4.86442 4.330 5
144 -121.080676 2.011 20.997 0.061 -13.9889 -207.557 50.3729 -4.90089 20.997 3
145 -107.295898 1.889 20.458 0.030 -22.7418 -113.399 51.713 -12.7459 20.458 1
146 -96.48506 1.309 16.138 0.061 -19.4292 -85.6094 47.0314 -10.837 16.138 0
147 -145.53019 2.792 19.033 0.061 -20.5664 -128.667 52.0793 -9.61661 19.033 0
148 -179.19345 0.528 4.013 0.545 -35.5106 -250.283 50.0537 -1.62121 4.013 5
149 -97.132926 2.918 18.246 0.061 -2.6772 -197.668 51.6336 3.6363 18.246 0
150 -118.89648 1.913 20.288 0.000 -23.0676 -54.7607 51.1908 -10.9298 20.288 1
151 -123.681164 1.975 20.110 0.030 -20.8178 -104.21 51.6667 -15.9291 20.110 1
152 -115.86217 1.868 20.046 0.030 -14.1482 -142.826 46.5931 -8.28304 20.046 0
153 -84.292306 0.918 5.687 0.152 -4.2491 -126.444 51.1907 -0.734436 5.687 0
154 -124.90397 2.819 18.880 0.091 -21.6481 -85.1117 49.4284 -12.7693 18.880 3
155 -119.94371 2.398 19.328 0.000 -9.98401 -108.492 46.8787 -11.1296 19.328 0
156 -113.16058 2.440 19.706 0.061 -21.3646 -69.3043 49.6809 -9.71049 19.706 0
157 -127.84794 0.318 5.075 0.606 -31.1148 -217.185 48.7382 -0.63265 5.075 5
158 -138.92552 2.279 19.467 0.091 -33.9624 -89.0693 52.4849 -5.01459 19.467 0
159 -178.781263 2.876 17.795 0.061 -47.6612 -160.815 45.7147 -9.99236 17.795 0
160 -132.355832 0.386 4.312 0.515 -32.9169 -158.778 47.3024 -7.52704 4.312 5
161 -121.54116 1.783 19.212 0.061 -30.1961 -121.573 48.5536 -15.5905 19.212 8
162 -84.01469 1.937 19.681 0.061 -7.55383 -74.6347 51.3785 -9.88435 19.681 0
163 -159.81903 2.160 15.002 0.091 -27.4044 -196.835 46.2567 -7.98632 15.002 0
164 -206.53433 0.000 0.000 1.000 -42.2252 -182.855 46.1365 -1.80411 0.000 5
165 -88.805008 2.056 20.551 0.030 -17.6072 -99.3483 50.9506 -15.5803 20.551 1
166 -85.6400348 1.915 19.029 0.000 -21.6594 0.845326 45.6453 -10.0349 19.029 0
167 -137.68764 1.482 12.936 0.030 -40.9215 -81.7811 46.6256 -16.5712 12.936 0
168 -152.43945 2.615 19.514 0.091 -17.1577 -231.151 49.8598 -4.49866 19.514 3
169 -134.33773 2.819 19.458 0.030 -30.3397 -29.2804 47.2884 -7.0719 19.458 1
170 -160.70294 3.144 18.952 0.030 -22.8043 -192.553 46.5887 -9.06033 18.952 1
171 -99.608888 3.373 18.462 0.061 -9.12218 -201.887 53.5012 -5.97859 18.462 3
172 -134.47432 2.282 16.545 0.030 -19.3889 -171.412 46.8319 -7.13969 16.545 0
173 -106.41511 3.029 23.562 0.030 -19.2605 -40.5747 49.3932 -25.6578 23.562 0
174 -104.12766 1.628 19.485 0.000 -28.8749 -20.0406 48.86 -12.7681 19.485 0
175 -169.26682 1.025 4.811 0.333 -31.3177 -125.439 48.389 -2.94674 4.811 0
176 -124.50441 1.699 20.318 0.030 -18.6049 -117.881 49.4754 -16.1239 20.318 8
177 -118.49777 2.116 18.820 0.030 -31.2893 -21.9439 49.5144 -9.63547 18.820 8
178 -181.41978 1.599 6.026 0.545 -46.8748 -117.358 49.6211 -12.1832 6.026 5
179 -93.468854 1.996 18.484 0.121 -17.1844 -123.031 51.8574 -14.4202 18.484 3
180 -64.62408 2.371 21.848 0.000 -13.483 -29.7107 71.9517 -18.2731 21.848 0
181 -184.39401 0.482 4.670 0.455 -29.6362 -233.916 47.3935 2.5546 4.670 5
182 -180.678417 0.350 3.360 0.667 -35.2973 -189.214 46.2428 0.102123 3.360 5
183 -96.38701 2.812 18.751 0.030 -19.0305 -94.5516 48.8676 -12.4955 18.751 0
184 -186.733211 4.042 17.768 0.061 -49.1226 -177.313 48.5084 0.537659 17.768 0
185 -162.68782 0.822 5.328 0.394 -23.6572 -128.901 46.8953 3.1101 5.328 0
186 -139.60428 4.131 20.639 0.030 -33.1271 -140.473 47.0767 1.6752 20.639 0
187 -146.04948 3.546 18.495 0.030 -28.8405 -216.155 46.8375 -9.34381 18.495 1
188 -142.68685 2.951 18.718 0.030 -20.802 -195.267 51.5735 -11.5779 18.718 4
189 -119.14799 2.926 24.509 0.000 -20.4814 -199.491 48.7613 -9.52879 24.509 0
190 -100.748706 1.736 20.004 0.030 -25.1898 -94.2578 51.7667 -18.1686 20.004 1
191 -126.77606 2.668 20.007 0.030 -22.3734 -116.13 54.4816 -12.6637 20.007 1
192 -120.98838 2.007 20.547 0.091 -9.69243 -207.965 46.9486 2.49821 20.547 8
193 -100.54029 2.116 21.715 0.061 -16.6208 -149.378 49.773 -7.19168 21.715 8
194 -154.08472 3.059 17.289 0.091 -21.307 -203.277 45.7245 -0.60922 17.289 0
195 -194.026795 1.165 3.312 0.606 -39.3578 -132.138 48.679 -3.11006 3.312 5
196 -163.94808 1.621 15.440 0.091 -24.1676 -151.336 47.3865 -3.24447 15.440 9
197 -131.21763 1.752 19.100 0.030 -24.6091 -126.66 49.9561 -17.1593 19.100 8
198 -168.7799 2.637 19.914 0.061 -39.1679 -171.998 50.1744 -9.94288 19.914 1
199 -92.40687 2.074 19.175 0.061 -12.1674 -135.197 49.4262 -13.308 19.175 3
200 -188.418558 3.379 14.939 0.152 -55.0409 -198.596 46.3729 -6.88869 14.939 0
