#Cluster Nstruc Einter sd Enb sd Evdw+0.1Eelec sd Evdw sd Eelec sd Eair sd Ecdih sd Ecoup sd Esani sd Evean sd Edani sd
file.nam_clust1    76  -309.57    47.11   -98.21    20.09   -29.21     4.87   -21.54     4.56   -76.67    19.82    48.43     3.44     0.00     0.00     0.00     0.00     0.00     0.00     0.00     0.00    0.000    0.000 
file.nam_clust2    19  -325.17    85.73   -77.22    39.08   -24.28     7.02   -18.40     4.95   -58.82    37.33    50.66     2.53     0.00     0.00     0.00     0.00     0.00     0.00     0.00     0.00    0.000    0.000 
file.nam_clust3    15  -607.56    42.74  -197.35    35.11   -49.29     5.76   -32.84     4.66  -164.51    34.89    48.11     0.64     0.00     0.00     0.00     0.00     0.00     0.00     0.00     0.00    0.000    0.000 
file.nam_clust4     8  -506.37   128.19  -218.08    68.85   -32.56     6.43   -11.95     2.69  -206.12    69.86    54.83     6.90     0.00     0.00     0.00     0.00     0.00     0.00     0.00     0.00    0.000    0.000 
file.nam_clust5     7  -349.95    57.86  -108.88    19.59   -37.15     3.05   -29.18     3.52   -79.70    21.16    48.68     0.78     0.00     0.00     0.00     0.00     0.00     0.00     0.00     0.00    0.000    0.000 
file.nam_clust6     6  -333.53    84.78   -79.35    39.83   -23.77     4.79   -17.59     3.32   -61.76    40.23    54.12     7.13     0.00     0.00     0.00     0.00     0.00     0.00     0.00     0.00    0.000    0.000 
file.nam_clust7     5  -322.99    48.56   -82.00    21.36   -22.58     5.43   -15.97     3.92   -66.02    18.25    48.62     3.44     0.00     0.00     0.00     0.00     0.00     0.00     0.00     0.00    0.000    0.000 
file.nam_clust8     5  -842.96    33.80  -303.46    30.48   -73.99     5.55   -48.50     6.39  -254.97    33.15    48.92     0.29     0.00     0.00     0.00     0.00     0.00     0.00     0.00     0.00    0.000    0.000 
file.nam_clust9     4  -268.18    55.16   -44.00    10.84   -13.31     2.29    -9.90     2.55   -34.09    11.73    57.62    12.04     0.00     0.00     0.00     0.00     0.00     0.00     0.00     0.00    0.000    0.000 
file.nam_clust10     4  -492.68    65.01  -136.41    12.37   -33.00     3.90   -21.51     5.04  -114.90    15.96    51.18     0.42     0.00     0.00     0.00     0.00     0.00     0.00     0.00     0.00    0.000    0.000 
file.nam_clust11     4  -714.37    97.43  -213.33    39.17   -61.34    10.23   -44.45    11.66  -168.87    43.61    46.56     0.99     0.00     0.00     0.00     0.00     0.00     0.00     0.00     0.00    0.000    0.000 
