1 -97.698 19.366 30.490 0.068 -18.7298 -62.2612 46.4466 -14.9437 30.490 1
2 -169.53274 9.849 17.724 0.023 -18.9414 -114.508 47.5238 -11.1491 17.724 3
3 -146.14875 10.280 18.491 0.045 -25.7428 -152.936 47.719 -7.60405 18.491 0
4 -169.99761 13.296 18.476 0.045 -31.5877 -210.316 49.0648 -14.6462 18.476 3
5 -122.72757 14.418 20.830 0.068 -18.9414 -114.508 47.5238 -11.1491 20.830 0
6 -160.30112 10.819 17.912 0.023 -30.7189 -122.199 48.2879 -11.8076 17.912 3
7 -169.92762 9.695 17.581 0.045 -39.5095 -146.943 47.9381 -10.1743 17.581 3
8 -167.19405 11.870 17.886 0.023 -28.3357 -139.763 47.5317 -7.39385 17.886 3
9 -152.64411 10.800 17.742 0.068 -33.3582 -134.067 48.3077 -8.73762 17.742 3
10 -170.59453 11.555 17.851 0.045 -39.8761 -169.232 48.8667 -4.53524 17.851 3
11 -108.377697 20.415 31.982 0.091 -29.0484 -89.7165 46.4382 -11.203 31.982 1
12 -187.72547 9.929 18.021 0.045 -41.4035 -180.784 47.0973 -10.7962 18.021 3
13 -96.68002 20.199 31.806 0.068 -17.5642 -71.5167 47.4649 -16.3032 31.806 1
14 -90.751897 21.260 32.146 0.068 -20.1476 -68.878 48.9523 -14.4646 32.146 1
15 -169.47449 10.915 17.569 0.068 -34.5414 -178.911 47.83 -8.00645 17.569 3
16 -143.94976 13.483 18.451 0.023 -19.444 -174.243 47.7098 3.80763 18.451 0
17 -165.45277 10.284 17.968 0.045 -34.8797 -171.704 47.8935 -15.9846 17.968 3
18 -182.590795 10.395 17.760 0.045 -30.8394 -171.659 47.251 -6.79235 17.760 3
19 -157.704136 13.594 19.180 0.023 -26.4966 -152.449 48.5445 -12.7282 19.180 0
20 -101.08159 19.172 30.698 0.045 -18.8561 -84.8138 48.2667 -15.0208 30.698 1
21 -167.668925 11.864 17.731 0.023 -20.6336 -169.952 49.2361 1.5499 17.731 0
22 -161.24327 12.752 18.362 0.045 -32.7473 -110.618 48.9477 -4.85122 18.362 3
23 -167.65271 11.931 17.933 0.045 -24.6152 -123.174 48.3579 -6.66431 17.933 3
24 -162.09258 10.900 18.183 0.023 -31.3769 -200.852 48.5686 -11.8256 18.183 3
25 -109.326245 19.789 31.250 0.045 -25.8506 -57.1952 49.2559 -13.8121 31.250 1
26 -93.088483 20.352 31.603 0.068 -16.8719 -75.9829 48.7801 -17.6094 31.603 1
27 -92.3887 21.670 33.661 0.068 -24.0813 -56.3397 54.7477 -13.627 33.661 1
28 -85.628235 20.139 32.457 0.068 -18.8299 -95.1556 47.304 -7.63843 32.457 1
29 -199.96338 9.709 17.481 0.023 -29.3253 -212.221 49.0469 -12.9019 17.481 0
30 -148.55673 16.227 20.874 0.045 -28.6588 -108.699 48.3533 -14.98 20.874 0
31 -145.18235 10.856 17.546 0.023 -21.9658 -111.357 49.0864 -3.23422 17.546 0
32 -104.23190876 10.440 17.989 0.000 -15.5842 -60.3496 51.3042 1.282124E-02 17.989 0
33 -111.46642 18.623 30.014 0.068 -23.7005 -47.4863 46.8775 -13.4454 30.014 1
34 -141.33466 12.762 19.035 0.045 -29.6239 -120.934 48.637 -12.4524 19.035 0
35 -89.28604 17.942 29.684 0.068 -11.9151 -67.6914 46.533 -6.83487 29.684 1
36 -95.511166 17.018 22.234 0.023 -16.2935 -88.5979 48.4394 -13.9129 22.234 2
37 -149.833679 12.084 17.983 0.023 -33.0218 -165.482 48.5918 -5.22447 17.983 3
38 -91.26234 21.310 33.875 0.068 -19.743 -87.8682 48.4358 -11.9082 33.875 1
39 -110.16144 19.036 29.734 0.045 -27.1257 -56.4073 46.4453 -16.3935 29.734 1
40 -89.6341 19.926 31.790 0.068 -18.0934 -75.3618 47.4563 -13.0689 31.790 1
41 -123.23084 19.641 31.302 0.068 -29.5106 -78.686 47.7644 -15.8585 31.302 0
42 -89.13171 21.827 32.352 0.068 -14.5362 -69.4903 49.3107 -10.8103 32.352 1
43 -112.33397 21.572 32.431 0.068 -29.21 -62.3712 47.9092 -16.2738 32.431 1
44 -113.11379 18.171 30.127 0.068 -24.7786 -73.8508 46.6252 -17.3041 30.127 1
45 -78.598703 17.415 29.720 0.068 -18.5502 -117.531 46.0114 -10.0193 29.720 1
46 -119.49343 21.046 32.124 0.068 -27.4094 -61.9531 46.1878 -16.1915 32.124 1
47 -119.42798 19.723 30.367 0.068 -23.3997 -85.0131 48.6013 -10.7466 30.367 1
48 -89.01833951 22.558 33.831 0.068 -21.8026 -89.2623 47.0411 -14.1913 33.831 1
49 -122.94366 10.516 18.572 0.000 -18.2304 -138.737 50.5118 -5.48666 18.572 10
50 -108.98712 19.760 32.377 0.068 -23.6471 -105.926 46.3251 -13.1337 32.377 1
51 -78.4287862 19.274 31.231 0.068 -21.0814 -112.129 48.068 -13.3951 31.231 1
52 -110.21301 20.253 32.114 0.068 -30.0112 -68.7373 49.0226 -14.5341 32.114 1
53 -168.91409 14.652 19.073 0.068 -45.432 -211.862 48.5673 -12.1469 19.073 0
54 -110.429788 20.110 31.537 0.045 -19.4313 -71.2107 49.4071 -8.08801 31.537 0
55 -87.8187556 20.253 31.842 0.068 -15.6577 -113.753 49.3322 -5.17119 31.842 1
56 -116.66184 17.241 21.536 0.000 -19.9866 -168.577 48.1109 -4.43814 21.536 0
57 -63.888202 20.046 32.371 0.045 -6.21026 1.29624 60.1263 -8.45913 32.371 0
58 -107.56631 19.529 31.129 0.068 -30.0292 -59.0524 46.1065 -11.122 31.129 1
59 -85.0973 18.781 30.791 0.068 -18.0488 -72.1767 45.9993 -16.0645 30.791 1
60 -117.46477 22.693 34.255 0.068 -27.6608 -120.536 48.9795 -15.1991 34.255 1
61 -103.50478 19.524 24.428 0.000 -17.2741 -42.743 69.2942 -9.93434 24.428 6
62 -104.40426 19.593 31.274 0.068 -33.0203 -89.417 49.1508 -13.3509 31.274 5
63 -91.793832 19.321 29.846 0.068 -18.4968 -75.1548 50.3514 -11.2195 29.846 1
64 -93.63143 20.466 30.750 0.068 -19.6173 -75.0933 49.1376 -9.47131 30.750 1
65 -130.737 19.437 29.738 0.045 -22.7209 -73.3645 47.5074 -16.2122 29.738 1
66 -81.77651 22.143 33.182 0.068 -10.3701 -34.7469 49.2066 -11.0772 33.182 7
67 -118.76521 20.408 30.469 0.068 -25.8913 -91.41 49.378 -9.29292 30.469 5
68 -97.73767 19.340 31.353 0.068 -23.038 -66.5361 45.867 -15.2546 31.353 1
69 -91.64864 18.285 23.217 0.000 -14.9129 -99.6471 50.7212 -7.90054 23.217 4
70 -112.301834 19.354 30.189 0.068 -18.7152 -68.0415 45.6388 -15.9893 30.189 7
71 -125.911938 21.267 33.224 0.068 -25.3068 -113.637 48.618 -10.9921 33.224 1
72 -114.14276 8.129 18.852 0.000 -23.4515 -33.6733 49.7898 -10.2367 18.852 0
73 -77.10225 16.731 22.299 0.000 -17.1417 -20.9519 49.8777 -8.6706 22.299 2
74 -124.28647 19.735 30.772 0.091 -31.7129 -99.3008 46.9612 -15.2914 30.772 1
75 -92.67252 20.939 32.969 0.045 -18.8762 -72.2032 83.8109 -6.06356 32.969 0
76 -109.14700577 19.875 31.344 0.068 -24.8026 -66.3634 46.7316 -14.2647 31.344 1
77 -70.64853 19.452 32.042 0.068 -15.1883 -63.4391 49.2571 -0.686726 32.042 1
78 -102.183337 21.261 33.229 0.045 -20.2555 -72.6315 51.0434 -18.3673 33.229 1
79 -87.358626 20.728 32.971 0.068 -14.5372 -80.0823 47.6667 -6.48964 32.971 1
80 -135.84694 10.378 19.125 0.000 -29.854 -94.8856 51.153 -12.1064 19.125 10
81 -94.33371 19.726 30.235 0.045 -22.1416 -44.6548 47.4096 -14.8099 30.235 1
82 -104.6818 20.240 24.850 0.000 -19.8947 -38.1903 50.6749 -15.8587 24.850 2
83 -84.20075 20.691 32.854 0.068 -13.849 -52.334 49.4943 -16.4595 32.854 1
84 -86.293629 18.600 23.853 0.000 -17.4841 -55.4092 49.3375 -17.6311 23.853 2
85 -84.92146 21.076 31.933 0.023 -16.3747 -40.3642 82.3183 -12.4906 31.933 0
86 -30.78461 17.642 22.242 0.000 -4.97184 -9.4968 86.3212 -5.2684 22.242 0
87 -82.08208 18.653 23.143 0.000 -10.0135 -118.13 71.1439 -3.06595 23.143 4
88 -109.98125 9.990 19.805 0.000 -27.265 -30.0284 50.222 -12.6085 19.805 0
89 -82.52054 17.424 21.914 0.000 -8.07415 -59.9475 54.3012 1.34177 21.914 2
90 -119.82782 20.254 31.107 0.045 -27.446 -67.5336 47.822 -17.1139 31.107 1
91 -101.82479 18.842 31.124 0.045 -17.1361 -57.9791 46.6858 -16.5646 31.124 1
92 -102.13965 20.112 30.859 0.045 -25.0555 -40.559 47.7396 -13.9061 30.859 1
93 -107.414827 22.242 32.960 0.045 -34.1832 -55.6936 48.6221 -12.3743 32.960 5
94 -103.600984 17.869 22.113 0.000 -12.6033 -132.033 49.343 -8.18785 22.113 6
95 -83.782742 20.066 31.714 0.068 -24.3404 -70.1243 46.3145 -15.7193 31.714 1
96 -96.47327 19.503 30.257 0.068 -19.1142 -124.227 45.4989 -9.45917 30.257 1
97 -77.696634 18.968 30.220 0.068 -13.8832 -109.937 48.0049 -5.33346 30.220 1
98 -110.02622 21.186 32.265 0.068 -27.966 -111.494 48.5001 -16.0084 32.265 1
99 -86.338428 19.509 30.527 0.045 -16.5372 -59.4328 47.7871 -10.336 30.527 1
100 -73.512993 17.601 22.988 0.000 -7.00905 -50.6127 78.4566 -4.58059 22.988 9
101 -123.90175665 20.125 31.207 0.068 -24.3305 -90.4387 48.0241 -16.087 31.207 1
102 -76.682156 20.837 32.591 0.068 -14.1876 -82.6022 47.3974 -4.15132 32.591 7
103 -111.8735 19.801 30.932 0.045 -22.5329 -55.3517 48.3278 -15.9661 30.932 1
104 -65.294838 18.999 24.362 0.023 -12.332 -4.91854 54.1481 -13.1722 24.362 2
105 -84.861794 20.951 33.840 0.068 -14.8395 -99.7929 50.82 -9.11389 33.840 1
106 -98.65707 19.856 30.515 0.068 -20.0321 -74.6805 47.2958 -15.4055 30.515 1
107 -74.388282 16.692 22.172 0.000 -11.252 -39.7159 50.3115 -11.2917 22.172 9
108 -97.047716 19.735 30.176 0.091 -30.0542 -94.0057 46.6766 -16.3231 30.176 1
109 -87.558172 19.645 30.816 0.068 -23.5854 -103.39 48.7496 -12.6819 30.816 1
110 -90.2802 21.540 34.497 0.068 -25.2254 -45.2748 49.2986 -8.29104 34.497 1
111 -105.68585 20.146 30.913 0.068 -20.7881 -61.2875 47.2608 -10.5763 30.913 1
112 -91.749852 20.698 31.454 0.068 -19.4733 -50.6146 48.5021 -11.9688 31.454 1
113 -103.7507 19.239 30.507 0.045 -19.3783 -63.089 48.0933 -18.3492 30.507 1
114 -105.856475 19.596 30.916 0.068 -29.1921 -55.3736 46.0095 -15.5864 30.916 1
115 -95.83842 21.489 32.895 0.068 -21.514 -98.5165 48.0746 -12.6998 32.895 1
116 -75.481 20.252 25.629 0.000 -20.6037 -12.8854 56.6193 -13.5858 25.629 2
117 -114.527402 19.335 28.732 0.068 -28.6991 -63.5605 48.4871 -14.6309 28.732 5
118 -74.78387 19.697 24.800 0.000 -15.7072 -32.1177 55.7901 -6.77507 24.800 6
119 -82.72379 16.424 21.349 0.000 -19.8695 -27.5698 75.1512 -7.71771 21.349 0
120 -128.21814 19.603 30.149 0.091 -25.8047 -121.578 49.2117 -10.6134 30.149 5
121 -165.51983 13.301 18.399 0.068 -31.3201 -30.0768 47.9434 -9.79922 18.399 0
122 -104.152421 19.850 30.593 0.045 -17.7653 -66.743 49.0082 -13.9644 30.593 1
123 -106.62713 19.575 29.083 0.068 -24.9146 -72.7781 49.0144 -11.2052 29.083 5
124 -239.26145 9.724 14.805 0.045 -51.6986 -192.222 49.0255 -4.7079 14.805 8
125 -102.208096 18.695 22.986 0.000 -19.3823 -57.5539 48.854 -15.4747 22.986 2
126 -110.0025 19.664 30.983 0.068 -21.7567 -85.1659 45.8585 -12.8001 30.983 7
127 -96.19754 18.544 30.625 0.045 -19.5791 -71.2993 48.5248 -18.7782 30.625 1
128 -61.120081 17.219 23.008 0.000 -7.96283 -22.3273 50.4942 -10.4789 23.008 9
129 -98.125764 20.549 31.670 0.068 -31.7447 -63.4725 46.9067 -13.9441 31.670 5
130 -33.375466 17.282 21.864 0.000 0.932616 -8.90216 63.3041 -2.98827 21.864 0
131 -112.088942 20.272 30.685 0.045 -19.8329 -59.5777 48.8806 -19.2962 30.685 1
132 -99.843952 18.306 23.433 0.000 -13.3855 -23.722 51.2148 -11.5955 23.433 9
133 -117.95448 4.802 6.563 0.182 -36.7222 -49.2243 87.1315 -10.519 6.563 0
134 -113.57015 16.846 21.431 0.000 -18.8367 -92.677 47.6777 -8.60072 21.431 2
135 -98.934768 21.402 32.587 0.045 -18.1963 -82.4348 48.604 -11.404 32.587 1
136 -66.074094 19.913 25.102 0.000 -16.9864 -7.10325 50.3961 -10.3212 25.102 6
137 -114.56328 16.599 21.285 0.023 -21.9566 -84.0116 47.2979 -14.4988 21.285 2
138 -81.9602795 19.576 31.210 0.045 -18.0546 -55.2263 46.8796 -16.8135 31.210 1
139 -71.43986 18.207 22.964 0.000 -14.6637 -11.4675 52.4699 -17.4124 22.964 2
140 -117.181689 19.539 23.786 0.000 -22.8905 -136.608 51.5743 -7.48525 23.786 2
141 -99.03059 19.689 31.363 0.045 -22.3406 -71.3252 49.1921 -14.9848 31.363 1
142 -222.195105 13.445 18.346 0.045 -53.807 -169.891 45.6838 -11.1336 18.346 11
143 -87.87196 19.159 31.189 0.068 -17.8982 -78.7699 47.6663 -11.3793 31.189 1
144 -89.606473 16.051 20.467 0.045 -22.5984 -47.6113 50.0907 -13.6105 20.467 2
145 -78.966361 19.278 30.356 0.068 -18.459 -84.7701 48.3469 -15.2029 30.356 1
146 -113.841342 17.047 21.486 0.023 -28.8116 -102.171 49.1043 -10.2123 21.486 0
147 -201.659445 9.768 14.940 0.045 -37.2301 -280.141 48.9847 0.947645 14.940 8
148 -110.290249 19.071 30.490 0.068 -20.2539 -86.4083 48.9877 -11.8613 30.490 1
149 -101.6925 20.342 31.856 0.045 -25.3146 -66.4827 75.0463 -12.6136 31.856 1
150 -151.44985 14.118 18.724 0.091 -24.4678 -208.036 45.4724 -2.47694 18.724 11
151 -93.82839 19.028 30.867 0.045 -14.8445 -59.5525 55.021 -11.1696 30.867 7
152 -221.9592 11.589 16.104 0.091 -56.5655 -250.401 49.1681 -6.73919 16.104 8
153 -65.20549 18.273 22.607 0.000 -8.72869 -20.1989 54.0777 -13.8473 22.607 2
154 -98.58559 18.790 23.348 0.000 -17.7513 -99.9308 49.6383 -15.2908 23.348 2
155 -81.41348 17.185 22.291 0.023 -20.7267 -39.9659 50.5627 -15.8529 22.291 2
156 -163.90396 17.677 22.402 0.000 -12.8429 -312.509 50.476 -1.29863 22.402 4
157 -160.9891 11.761 16.126 0.023 -31.1547 -124.038 48.7257 -8.38329 16.126 0
158 -218.27333 3.715 3.491 0.614 -49.8485 -146.041 46.7689 -10.7066 3.491 0
159 -114.68289 14.253 18.696 0.023 -5.6356 -236.862 46.2004 2.5731 18.696 0
160 -103.32193 19.766 30.149 0.091 -21.4747 -92.9451 49.2223 -12.9838 30.149 1
161 -190.18864 10.551 15.468 0.045 -26.0677 -255.848 49.0342 -6.88721 15.468 0
162 -109.20712 18.072 22.594 0.023 -23.3553 -77.5397 49.3233 -10.5639 22.594 6
163 -109.60458 18.886 23.095 0.000 -19.6644 -126.849 48.9209 -8.19406 23.095 2
164 -117.99677 20.160 24.810 0.000 -9.5758 -245.267 57.6298 -9.95093 24.810 4
165 -88.010324 18.635 24.876 0.000 -6.18676 -181.217 67.5534 -4.6881 24.876 0
166 -107.64716 18.418 29.914 0.068 -20.5672 -63.9919 46.0118 -14.2696 29.914 1
167 -213.90712 11.376 17.483 0.091 -49.5842 -200.082 47.667 -8.38535 17.483 11
168 -127.329044 11.568 18.918 0.000 -20.9918 -108.354 51.4472 -10.8683 18.918 10
169 -99.136236 20.730 31.002 0.068 -19.8808 -63.9212 49.3101 -15.314 31.002 1
170 -127.186875 19.174 23.899 0.000 -9.06831 -226.879 57.5057 -0.992724 23.899 4
171 -124.122795 21.826 33.455 0.068 -28.8122 -71.2368 49.165 -18.3891 33.455 1
172 -108.40446 20.389 31.862 0.068 -22.8175 -80.7654 48.7394 -13.6491 31.862 1
173 -199.74865 4.748 5.488 0.500 -41.7996 -67.616 46.8957 -19.5658 5.488 0
174 -104.518816 18.334 23.288 0.000 -10.8141 -252.597 51.5421 -3.0753 23.288 4
175 -205.30157 11.555 15.728 0.091 -47.4896 -278.911 49.0856 -1.07306 15.728 8
176 -115.51537 19.069 31.685 0.068 -15.3187 -106.813 52.5741 -9.91024 31.685 1
177 -198.71471 13.595 18.267 0.045 -49.9578 -97.477 47.4173 -11.1153 18.267 11
178 -176.577555 12.549 18.099 0.045 -29.4982 -138.89 48.4346 -9.86854 18.099 0
179 -218.64943 12.698 16.441 0.114 -49.4952 -273.166 48.3516 -10.4162 16.441 8
180 -78.026517 19.449 24.752 0.000 -19.6207 -79.013 50.5891 -11.5315 24.752 6
181 -67.05463 9.688 18.390 0.000 -6.59223 -83.1376 52.8946 -1.39668 18.390 0
182 -113.5066606 9.848 18.775 0.000 -35.9484 -93.5413 48.4197 -12.508 18.775 0
183 -118.57922 16.017 21.297 0.023 -30.1158 -46.8867 47.4956 -13.1884 21.297 2
184 -150.38782 6.916 16.892 0.000 -25.8383 -157.502 48.3602 -5.55354 16.892 0
185 -128.674476 18.617 23.954 0.000 -11.0745 -243.616 48.7395 -2.93331 23.954 4
186 -114.50836 18.106 23.124 0.000 -17.3122 -150.346 50.881 -7.31251 23.124 4
187 -176.07995 7.677 11.345 0.023 -31.4663 -114.541 48.1209 -11.0872 11.345 0
188 -79.98807 9.288 17.896 0.000 -10.5929 -29.9251 48.9165 -4.86445 17.896 0
189 -224.14159 0.662 2.698 0.523 -40.9418 -120.51 46.8856 -12.1576 2.698 0
190 -145.64051 11.961 18.480 0.000 -16.9474 -117.624 51.596 -9.04348 18.480 10
191 -243.88317 0.000 0.000 1.000 -56.4237 -148.822 46.4666 -1.30659 0.000 0
192 -158.58841 2.071 4.103 0.182 -24.2156 -78.9669 85.6975 1.70438 4.103 0
193 -122.81624 8.882 20.190 0.000 -24.0047 -61.8158 50.6401 -6.64628 20.190 0
194 -168.06796 10.431 15.707 0.045 -32.9318 -119.805 48.5443 -5.36037 15.707 0
195 -186.646085 13.485 15.156 0.000 -30.3373 -149.107 49.3102 6.25263 15.156 0
196 -164.778224 4.351 4.893 0.205 -18.7659 -102.342 80.0959 0.859126 4.893 0
197 -127.2383 12.216 14.701 0.045 -23.8523 -49.1652 88.2497 -8.68578 14.701 0
198 -119.030174 16.029 20.242 0.045 -20.4229 -72.9314 50.5008 -14.8762 20.242 2
199 -83.0760366 14.232 19.995 0.045 -14.4119 -54.3986 46.9837 -9.28418 19.995 0
200 -76.01866 23.217 34.256 0.000 -22.6535 -11.0706 102.111 -6.37491 34.256 0
